    3   729    0
                   2.4999998E+00   2.4999998E+00   2.8007011E+00
                   2.4999998E+00   3.2578726E+00   2.1992991E+00
                   2.4999998E+00   1.7421270E+00   2.1992991E+00
   0.0000000E+00   0.0000000E+00   0.0000000E+00   0.0000000E+00
   0.0000000E+00   0.0000000E+00   0.0000000E+00   1.1810760E+00
   0.0000000E+00   0.0000000E+00   0.0000000E+00   2.3621520E+00
   0.0000000E+00   0.0000000E+00   0.0000000E+00   3.5432280E+00
   0.0000000E+00   0.0000000E+00   0.0000000E+00   4.7243040E+00
   0.0000000E+00   0.0000000E+00   0.0000000E+00   5.9053800E+00
   0.0000000E+00   0.0000000E+00   0.0000000E+00   7.0864560E+00
   0.0000000E+00   0.0000000E+00   0.0000000E+00   8.2675320E+00
   0.0000000E+00   0.0000000E+00   0.0000000E+00   9.4486080E+00
   0.0000000E+00   0.0000000E+00   1.1810760E+00   0.0000000E+00
   0.0000000E+00   0.0000000E+00   1.1810760E+00   1.1810760E+00
   0.0000000E+00   0.0000000E+00   1.1810760E+00   2.3621520E+00
   0.0000000E+00   0.0000000E+00   1.1810760E+00   3.5432280E+00
   0.0000000E+00   0.0000000E+00   1.1810760E+00   4.7243040E+00
   0.0000000E+00   0.0000000E+00   1.1810760E+00   5.9053800E+00
   0.0000000E+00   0.0000000E+00   1.1810760E+00   7.0864560E+00
   0.0000000E+00   0.0000000E+00   1.1810760E+00   8.2675320E+00
   0.0000000E+00   0.0000000E+00   1.1810760E+00   9.4486080E+00
   0.0000000E+00   0.0000000E+00   2.3621520E+00   0.0000000E+00
   0.0000000E+00   0.0000000E+00   2.3621520E+00   1.1810760E+00
   0.0000000E+00   0.0000000E+00   2.3621520E+00   2.3621520E+00
   0.0000000E+00   0.0000000E+00   2.3621520E+00   3.5432280E+00
   0.0000000E+00   0.0000000E+00   2.3621520E+00   4.7243040E+00
   0.0000000E+00   0.0000000E+00   2.3621520E+00   5.9053800E+00
   0.0000000E+00   0.0000000E+00   2.3621520E+00   7.0864560E+00
   0.0000000E+00   0.0000000E+00   2.3621520E+00   8.2675320E+00
   0.0000000E+00   0.0000000E+00   2.3621520E+00   9.4486080E+00
   0.0000000E+00   0.0000000E+00   3.5432280E+00   0.0000000E+00
   0.0000000E+00   0.0000000E+00   3.5432280E+00   1.1810760E+00
   0.0000000E+00   0.0000000E+00   3.5432280E+00   2.3621520E+00
   0.0000000E+00   0.0000000E+00   3.5432280E+00   3.5432280E+00
   0.0000000E+00   0.0000000E+00   3.5432280E+00   4.7243040E+00
   0.0000000E+00   0.0000000E+00   3.5432280E+00   5.9053800E+00
   0.0000000E+00   0.0000000E+00   3.5432280E+00   7.0864560E+00
   0.0000000E+00   0.0000000E+00   3.5432280E+00   8.2675320E+00
   0.0000000E+00   0.0000000E+00   3.5432280E+00   9.4486080E+00
   0.0000000E+00   0.0000000E+00   4.7243040E+00   0.0000000E+00
   0.0000000E+00   0.0000000E+00   4.7243040E+00   1.1810760E+00
   0.0000000E+00   0.0000000E+00   4.7243040E+00   2.3621520E+00
   0.0000000E+00   0.0000000E+00   4.7243040E+00   3.5432280E+00
   0.0000000E+00   0.0000000E+00   4.7243040E+00   4.7243040E+00
   0.0000000E+00   0.0000000E+00   4.7243040E+00   5.9053800E+00
   0.0000000E+00   0.0000000E+00   4.7243040E+00   7.0864560E+00
   0.0000000E+00   0.0000000E+00   4.7243040E+00   8.2675320E+00
   0.0000000E+00   0.0000000E+00   4.7243040E+00   9.4486080E+00
   0.0000000E+00   0.0000000E+00   5.9053800E+00   0.0000000E+00
   0.0000000E+00   0.0000000E+00   5.9053800E+00   1.1810760E+00
   0.0000000E+00   0.0000000E+00   5.9053800E+00   2.3621520E+00
   0.0000000E+00   0.0000000E+00   5.9053800E+00   3.5432280E+00
   0.0000000E+00   0.0000000E+00   5.9053800E+00   4.7243040E+00
   0.0000000E+00   0.0000000E+00   5.9053800E+00   5.9053800E+00
   0.0000000E+00   0.0000000E+00   5.9053800E+00   7.0864560E+00
   0.0000000E+00   0.0000000E+00   5.9053800E+00   8.2675320E+00
   0.0000000E+00   0.0000000E+00   5.9053800E+00   9.4486080E+00
   0.0000000E+00   0.0000000E+00   7.0864560E+00   0.0000000E+00
   0.0000000E+00   0.0000000E+00   7.0864560E+00   1.1810760E+00
   0.0000000E+00   0.0000000E+00   7.0864560E+00   2.3621520E+00
   0.0000000E+00   0.0000000E+00   7.0864560E+00   3.5432280E+00
   0.0000000E+00   0.0000000E+00   7.0864560E+00   4.7243040E+00
   0.0000000E+00   0.0000000E+00   7.0864560E+00   5.9053800E+00
   0.0000000E+00   0.0000000E+00   7.0864560E+00   7.0864560E+00
   0.0000000E+00   0.0000000E+00   7.0864560E+00   8.2675320E+00
   0.0000000E+00   0.0000000E+00   7.0864560E+00   9.4486080E+00
   0.0000000E+00   0.0000000E+00   8.2675320E+00   0.0000000E+00
   0.0000000E+00   0.0000000E+00   8.2675320E+00   1.1810760E+00
   0.0000000E+00   0.0000000E+00   8.2675320E+00   2.3621520E+00
   0.0000000E+00   0.0000000E+00   8.2675320E+00   3.5432280E+00
   0.0000000E+00   0.0000000E+00   8.2675320E+00   4.7243040E+00
   0.0000000E+00   0.0000000E+00   8.2675320E+00   5.9053800E+00
   0.0000000E+00   0.0000000E+00   8.2675320E+00   7.0864560E+00
   0.0000000E+00   0.0000000E+00   8.2675320E+00   8.2675320E+00
   0.0000000E+00   0.0000000E+00   8.2675320E+00   9.4486080E+00
   0.0000000E+00   0.0000000E+00   9.4486080E+00   0.0000000E+00
   0.0000000E+00   0.0000000E+00   9.4486080E+00   1.1810760E+00
   0.0000000E+00   0.0000000E+00   9.4486080E+00   2.3621520E+00
   0.0000000E+00   0.0000000E+00   9.4486080E+00   3.5432280E+00
   0.0000000E+00   0.0000000E+00   9.4486080E+00   4.7243040E+00
   0.0000000E+00   0.0000000E+00   9.4486080E+00   5.9053800E+00
   0.0000000E+00   0.0000000E+00   9.4486080E+00   7.0864560E+00
   0.0000000E+00   0.0000000E+00   9.4486080E+00   8.2675320E+00
   0.0000000E+00   0.0000000E+00   9.4486080E+00   9.4486080E+00
   0.0000000E+00   1.1810760E+00   0.0000000E+00   0.0000000E+00
   0.0000000E+00   1.1810760E+00   0.0000000E+00   1.1810760E+00
   0.0000000E+00   1.1810760E+00   0.0000000E+00   2.3621520E+00
   0.0000000E+00   1.1810760E+00   0.0000000E+00   3.5432280E+00
   0.0000000E+00   1.1810760E+00   0.0000000E+00   4.7243040E+00
   0.0000000E+00   1.1810760E+00   0.0000000E+00   5.9053800E+00
   0.0000000E+00   1.1810760E+00   0.0000000E+00   7.0864560E+00
   0.0000000E+00   1.1810760E+00   0.0000000E+00   8.2675320E+00
   0.0000000E+00   1.1810760E+00   0.0000000E+00   9.4486080E+00
   0.0000000E+00   1.1810760E+00   1.1810760E+00   0.0000000E+00
  -1.6749301E-03   1.1810760E+00   1.1810760E+00   1.1810760E+00
  -4.5044526E-03   1.1810760E+00   1.1810760E+00   2.3621520E+00
  -8.4574372E-03   1.1810760E+00   1.1810760E+00   3.5432280E+00
  -1.0867024E-02   1.1810760E+00   1.1810760E+00   4.7243040E+00
  -9.0858380E-03   1.1810760E+00   1.1810760E+00   5.9053800E+00
  -5.1338732E-03   1.1810760E+00   1.1810760E+00   7.0864560E+00
  -2.0523985E-03   1.1810760E+00   1.1810760E+00   8.2675320E+00
  -2.3074762E-04   1.1810760E+00   1.1810760E+00   9.4486080E+00
   0.0000000E+00   1.1810760E+00   2.3621520E+00   0.0000000E+00
  -2.6170396E-03   1.1810760E+00   2.3621520E+00   1.1810760E+00
  -7.4622320E-03   1.1810760E+00   2.3621520E+00   2.3621520E+00
  -1.4996062E-02   1.1810760E+00   2.3621520E+00   3.5432280E+00
  -1.9987078E-02   1.1810760E+00   2.3621520E+00   4.7243040E+00
  -1.6268766E-02   1.1810760E+00   2.3621520E+00   5.9053800E+00
  -8.6057238E-03   1.1810760E+00   2.3621520E+00   7.0864560E+00
  -3.2325510E-03   1.1810760E+00   2.3621520E+00   8.2675320E+00
  -3.5268772E-04   1.1810760E+00   2.3621520E+00   9.4486080E+00
   0.0000000E+00   1.1810760E+00   3.5432280E+00   0.0000000E+00
  -2.5274453E-03   1.1810760E+00   3.5432280E+00   1.1810760E+00
  -7.5991049E-03   1.1810760E+00   3.5432280E+00   2.3621520E+00
  -1.6057051E-02   1.1810760E+00   3.5432280E+00   3.5432280E+00
  -2.1909033E-02   1.1810760E+00   3.5432280E+00   4.7243040E+00
  -1.7532787E-02   1.1810760E+00   3.5432280E+00   5.9053800E+00
  -8.8470246E-03   1.1810760E+00   3.5432280E+00   7.0864560E+00
  -3.1464508E-03   1.1810760E+00   3.5432280E+00   8.2675320E+00
  -3.3309250E-04   1.1810760E+00   3.5432280E+00   9.4486080E+00
   0.0000000E+00   1.1810760E+00   4.7243040E+00   0.0000000E+00
  -2.2025340E-03   1.1810760E+00   4.7243040E+00   1.1810760E+00
  -6.7453853E-03   1.1810760E+00   4.7243040E+00   2.3621520E+00
  -1.4316031E-02   1.1810760E+00   4.7243040E+00   3.5432280E+00
  -1.9453529E-02   1.1810760E+00   4.7243040E+00   4.7243040E+00
  -1.5620933E-02   1.1810760E+00   4.7243040E+00   5.9053800E+00
  -7.8688958E-03   1.1810760E+00   4.7243040E+00   7.0864560E+00
  -2.7511423E-03   1.1810760E+00   4.7243040E+00   8.2675320E+00
  -2.8733903E-04   1.1810760E+00   4.7243040E+00   9.4486080E+00
   0.0000000E+00   1.1810760E+00   5.9053800E+00   0.0000000E+00
  -2.4546070E-03   1.1810760E+00   5.9053800E+00   1.1810760E+00
  -7.4224907E-03   1.1810760E+00   5.9053800E+00   2.3621520E+00
  -1.5732819E-02   1.1810760E+00   5.9053800E+00   3.5432280E+00
  -2.1475078E-02   1.1810760E+00   5.9053800E+00   4.7243040E+00
  -1.7181899E-02   1.1810760E+00   5.9053800E+00   5.9053800E+00
  -8.6482787E-03   1.1810760E+00   5.9053800E+00   7.0864560E+00
  -3.0586996E-03   1.1810760E+00   5.9053800E+00   8.2675320E+00
  -3.2257512E-04   1.1810760E+00   5.9053800E+00   9.4486080E+00
   0.0000000E+00   1.1810760E+00   7.0864560E+00   0.0000000E+00
  -2.6666845E-03   1.1810760E+00   7.0864560E+00   1.1810760E+00
  -7.6852117E-03   1.1810760E+00   7.0864560E+00   2.3621520E+00
  -1.5624771E-02   1.1810760E+00   7.0864560E+00   3.5432280E+00
  -2.0952422E-02   1.1810760E+00   7.0864560E+00   4.7243040E+00
  -1.6978591E-02   1.1810760E+00   7.0864560E+00   5.9053800E+00
  -8.8811571E-03   1.1810760E+00   7.0864560E+00   7.0864560E+00
  -3.2988109E-03   1.1810760E+00   7.0864560E+00   8.2675320E+00
  -3.5787717E-04   1.1810760E+00   7.0864560E+00   9.4486080E+00
   0.0000000E+00   1.1810760E+00   8.2675320E+00   0.0000000E+00
  -1.9073911E-03   1.1810760E+00   8.2675320E+00   1.1810760E+00
  -5.1727631E-03   1.1810760E+00   8.2675320E+00   2.3621520E+00
  -9.8091642E-03   1.1810760E+00   8.2675320E+00   3.5432280E+00
  -1.2671560E-02   1.1810760E+00   8.2675320E+00   4.7243040E+00
  -1.0553127E-02   1.1810760E+00   8.2675320E+00   5.9053800E+00
  -5.9056709E-03   1.1810760E+00   8.2675320E+00   7.0864560E+00
  -2.3398875E-03   1.1810760E+00   8.2675320E+00   8.2675320E+00
  -2.6196312E-04   1.1810760E+00   8.2675320E+00   9.4486080E+00
   0.0000000E+00   1.1810760E+00   9.4486080E+00   0.0000000E+00
  -2.8275356E-04   1.1810760E+00   9.4486080E+00   1.1810760E+00
  -7.4279638E-04   1.1810760E+00   9.4486080E+00   2.3621520E+00
  -1.3562978E-03   1.1810760E+00   9.4486080E+00   3.5432280E+00
  -1.7168693E-03   1.1810760E+00   9.4486080E+00   4.7243040E+00
  -1.4512391E-03   1.1810760E+00   9.4486080E+00   5.9053800E+00
  -8.4252487E-04   1.1810760E+00   9.4486080E+00   7.0864560E+00
  -3.4538854E-04   1.1810760E+00   9.4486080E+00   8.2675320E+00
  -3.9288105E-05   1.1810760E+00   9.4486080E+00   9.4486080E+00
   0.0000000E+00   2.3621520E+00   0.0000000E+00   0.0000000E+00
   0.0000000E+00   2.3621520E+00   0.0000000E+00   1.1810760E+00
   0.0000000E+00   2.3621520E+00   0.0000000E+00   2.3621520E+00
   0.0000000E+00   2.3621520E+00   0.0000000E+00   3.5432280E+00
   0.0000000E+00   2.3621520E+00   0.0000000E+00   4.7243040E+00
   0.0000000E+00   2.3621520E+00   0.0000000E+00   5.9053800E+00
   0.0000000E+00   2.3621520E+00   0.0000000E+00   7.0864560E+00
   0.0000000E+00   2.3621520E+00   0.0000000E+00   8.2675320E+00
   0.0000000E+00   2.3621520E+00   0.0000000E+00   9.4486080E+00
   0.0000000E+00   2.3621520E+00   1.1810760E+00   0.0000000E+00
  -2.9282282E-03   2.3621520E+00   1.1810760E+00   1.1810760E+00
  -9.1690032E-03   2.3621520E+00   1.1810760E+00   2.3621520E+00
  -2.0257457E-02   2.3621520E+00   1.1810760E+00   3.5432280E+00
  -2.8352796E-02   2.3621520E+00   1.1810760E+00   4.7243040E+00
  -2.2267241E-02   2.3621520E+00   1.1810760E+00   5.9053800E+00
  -1.0756499E-02   2.3621520E+00   1.1810760E+00   7.0864560E+00
  -3.6678008E-03   2.3621520E+00   1.1810760E+00   8.2675320E+00
  -3.7844307E-04   2.3621520E+00   1.1810760E+00   9.4486080E+00
   0.0000000E+00   2.3621520E+00   2.3621520E+00   0.0000000E+00
  -4.1388654E-03   2.3621520E+00   2.3621520E+00   1.1810760E+00
  -1.5116135E-02   2.3621520E+00   2.3621520E+00   2.3621520E+00
  -4.0963468E-02   2.3621520E+00   2.3621520E+00   3.5432280E+00
  -6.5790598E-02   2.3621520E+00   2.3621520E+00   4.7243040E+00
  -4.6596726E-02   2.3621520E+00   2.3621520E+00   5.9053800E+00
  -1.8315817E-02   2.3621520E+00   2.3621520E+00   7.0864560E+00
  -5.2937598E-03   2.3621520E+00   2.3621520E+00   8.2675320E+00
  -5.0455921E-04   2.3621520E+00   2.3621520E+00   9.4486080E+00
   0.0000000E+00   2.3621520E+00   3.5432280E+00   0.0000000E+00
  -2.8653276E-03   2.3621520E+00   3.5432280E+00   1.1810760E+00
  -1.3121466E-02   2.3621520E+00   3.5432280E+00   2.3621520E+00
  -4.3248307E-02   2.3621520E+00   3.5432280E+00   3.5432280E+00
  -7.7536193E-02   2.3621520E+00   3.5432280E+00   4.7243040E+00
  -5.0589344E-02   2.3621520E+00   3.5432280E+00   5.9053800E+00
  -1.6487263E-02   2.3621520E+00   3.5432280E+00   7.0864560E+00
  -3.8042166E-03   2.3621520E+00   3.5432280E+00   8.2675320E+00
  -3.1060828E-04   2.3621520E+00   3.5432280E+00   9.4486080E+00
   0.0000000E+00   2.3621520E+00   4.7243040E+00   0.0000000E+00
  -1.4768683E-03   2.3621520E+00   4.7243040E+00   1.1810760E+00
  -8.7670932E-03   2.3621520E+00   4.7243040E+00   2.3621520E+00
  -3.0460584E-02   2.3621520E+00   4.7243040E+00   3.5432280E+00
  -5.2145345E-02   2.3621520E+00   4.7243040E+00   4.7243040E+00
  -3.5389111E-02   2.3621520E+00   4.7243040E+00   5.9053800E+00
  -1.1266579E-02   2.3621520E+00   4.7243040E+00   7.0864560E+00
  -2.0777407E-03   2.3621520E+00   4.7243040E+00   8.2675320E+00
  -1.2678469E-04   2.3621520E+00   4.7243040E+00   9.4486080E+00
   0.0000000E+00   2.3621520E+00   5.9053800E+00   0.0000000E+00
  -2.5308235E-03   2.3621520E+00   5.9053800E+00   1.1810760E+00
  -1.2155173E-02   2.3621520E+00   5.9053800E+00   2.3621520E+00
  -4.0793235E-02   2.3621520E+00   5.9053800E+00   3.5432280E+00
  -7.3021411E-02   2.3621520E+00   5.9053800E+00   4.7243040E+00
  -4.7735344E-02   2.3621520E+00   5.9053800E+00   5.9053800E+00
  -1.5353620E-02   2.3621520E+00   5.9053800E+00   7.0864560E+00
  -3.3919901E-03   2.3621520E+00   5.9053800E+00   8.2675320E+00
  -2.6533878E-04   2.3621520E+00   5.9053800E+00   9.4486080E+00
   0.0000000E+00   2.3621520E+00   7.0864560E+00   0.0000000E+00
  -4.0768165E-03   2.3621520E+00   7.0864560E+00   1.1810760E+00
  -1.5398912E-02   2.3621520E+00   7.0864560E+00   2.3621520E+00
  -4.3448714E-02   2.3621520E+00   7.0864560E+00   3.5432280E+00
  -7.1760293E-02   2.3621520E+00   7.0864560E+00   4.7243040E+00
  -4.9761140E-02   2.3621520E+00   7.0864560E+00   5.9053800E+00
  -1.8780756E-02   2.3621520E+00   7.0864560E+00   7.0864560E+00
  -5.2399454E-03   2.3621520E+00   7.0864560E+00   8.2675320E+00
  -4.8997582E-04   2.3621520E+00   7.0864560E+00   9.4486080E+00
   0.0000000E+00   2.3621520E+00   8.2675320E+00   0.0000000E+00
  -3.3050426E-03   2.3621520E+00   8.2675320E+00   1.1810760E+00
  -1.0556532E-02   2.3621520E+00   8.2675320E+00   2.3621520E+00
  -2.3957786E-02   2.3621520E+00   8.2675320E+00   3.5432280E+00
  -3.4111582E-02   2.3621520E+00   8.2675320E+00   4.7243040E+00
  -2.6449995E-02   2.3621520E+00   8.2675320E+00   5.9053800E+00
  -1.2437419E-02   2.3621520E+00   8.2675320E+00   7.0864560E+00
  -4.1506406E-03   2.3621520E+00   8.2675320E+00   8.2675320E+00
  -4.2409801E-04   2.3621520E+00   8.2675320E+00   9.4486080E+00
   0.0000000E+00   2.3621520E+00   9.4486080E+00   0.0000000E+00
  -5.0419297E-04   2.3621520E+00   9.4486080E+00   1.1810760E+00
  -1.4974474E-03   2.3621520E+00   9.4486080E+00   2.3621520E+00
  -3.0828107E-03   2.3621520E+00   9.4486080E+00   3.5432280E+00
  -4.1319225E-03   2.3621520E+00   9.4486080E+00   4.7243040E+00
  -3.3509480E-03   2.3621520E+00   9.4486080E+00   5.9053800E+00
  -1.7367703E-03   2.3621520E+00   9.4486080E+00   7.0864560E+00
  -6.2718204E-04   2.3621520E+00   9.4486080E+00   8.2675320E+00
  -6.6391928E-05   2.3621520E+00   9.4486080E+00   9.4486080E+00
   0.0000000E+00   3.5432280E+00   0.0000000E+00   0.0000000E+00
   0.0000000E+00   3.5432280E+00   0.0000000E+00   1.1810760E+00
   0.0000000E+00   3.5432280E+00   0.0000000E+00   2.3621520E+00
   0.0000000E+00   3.5432280E+00   0.0000000E+00   3.5432280E+00
   0.0000000E+00   3.5432280E+00   0.0000000E+00   4.7243040E+00
   0.0000000E+00   3.5432280E+00   0.0000000E+00   5.9053800E+00
   0.0000000E+00   3.5432280E+00   0.0000000E+00   7.0864560E+00
   0.0000000E+00   3.5432280E+00   0.0000000E+00   8.2675320E+00
   0.0000000E+00   3.5432280E+00   0.0000000E+00   9.4486080E+00
   0.0000000E+00   3.5432280E+00   1.1810760E+00   0.0000000E+00
  -2.7977375E-03   3.5432280E+00   1.1810760E+00   1.1810760E+00
  -1.1468757E-02   3.5432280E+00   1.1810760E+00   2.3621520E+00
  -3.2239531E-02   3.5432280E+00   1.1810760E+00   3.5432280E+00
  -5.1275855E-02   3.5432280E+00   1.1810760E+00   4.7243040E+00
  -3.6650195E-02   3.5432280E+00   1.1810760E+00   5.9053800E+00
  -1.4064791E-02   3.5432280E+00   1.1810760E+00   7.0864560E+00
  -3.6627237E-03   3.5432280E+00   1.1810760E+00   8.2675320E+00
  -3.1296668E-04   3.5432280E+00   1.1810760E+00   9.4486080E+00
   0.0000000E+00   3.5432280E+00   2.3621520E+00   0.0000000E+00
  -2.6086785E-03   3.5432280E+00   2.3621520E+00   1.1810760E+00
  -1.8195281E-02   3.5432280E+00   2.3621520E+00   2.3621520E+00
  -8.8765294E-02   3.5432280E+00   2.3621520E+00   3.5432280E+00
  -2.3156050E-01   3.5432280E+00   2.3621520E+00   4.7243040E+00
  -1.1227764E-01   3.5432280E+00   2.3621520E+00   5.9053800E+00
  -2.4310623E-02   3.5432280E+00   2.3621520E+00   7.0864560E+00
  -3.7630509E-03   3.5432280E+00   2.3621520E+00   8.2675320E+00
  -1.9802952E-04   3.5432280E+00   2.3621520E+00   9.4486080E+00
   0.0000000E+00   3.5432280E+00   3.5432280E+00   0.0000000E+00
   1.8550559E-03   3.5432280E+00   3.5432280E+00   1.1810760E+00
  -9.2242908E-03   3.5432280E+00   3.5432280E+00   2.3621520E+00
  -1.1392765E-01   3.5432280E+00   3.5432280E+00   3.5432280E+00
  -6.0006223E-01   3.5432280E+00   3.5432280E+00   4.7243040E+00
  -1.6288783E-01   3.5432280E+00   3.5432280E+00   5.9053800E+00
  -1.5627285E-02   3.5432280E+00   3.5432280E+00   7.0864560E+00
   1.6190184E-03   3.5432280E+00   3.5432280E+00   8.2675320E+00
   4.2957589E-04   3.5432280E+00   3.5432280E+00   9.4486080E+00
   0.0000000E+00   3.5432280E+00   4.7243040E+00   0.0000000E+00
   5.5033574E-03   3.5432280E+00   4.7243040E+00   1.1810760E+00
   3.2360363E-03   3.5432280E+00   4.7243040E+00   2.3621520E+00
  -5.7971481E-02   3.5432280E+00   4.7243040E+00   3.5432280E+00
  -1.9049597E-01   3.5432280E+00   4.7243040E+00   4.7243040E+00
  -8.1159116E-02   3.5432280E+00   4.7243040E+00   5.9053800E+00
  -3.8982795E-04   3.5432280E+00   4.7243040E+00   7.0864560E+00
   6.2186596E-03   3.5432280E+00   4.7243040E+00   8.2675320E+00
   8.9130852E-04   3.5432280E+00   4.7243040E+00   9.4486080E+00
   0.0000000E+00   3.5432280E+00   5.9053800E+00   0.0000000E+00
   2.7644235E-03   3.5432280E+00   5.9053800E+00   1.1810760E+00
  -6.3482111E-03   3.5432280E+00   5.9053800E+00   2.3621520E+00
  -1.0280822E-01   3.5432280E+00   5.9053800E+00   3.5432280E+00
  -4.9705491E-01   3.5432280E+00   5.9053800E+00   4.7243040E+00
  -1.4663049E-01   3.5432280E+00   5.9053800E+00   5.9053800E+00
  -1.2188771E-02   3.5432280E+00   5.9053800E+00   7.0864560E+00
   2.7562726E-03   3.5432280E+00   5.9053800E+00   8.2675320E+00
   5.4702656E-04   3.5432280E+00   5.9053800E+00   9.4486080E+00
   0.0000000E+00   3.5432280E+00   7.0864560E+00   0.0000000E+00
  -2.1066826E-03   3.5432280E+00   7.0864560E+00   1.1810760E+00
  -1.8014875E-02   3.5432280E+00   7.0864560E+00   2.3621520E+00
  -1.0063962E-01   3.5432280E+00   7.0864560E+00   3.5432280E+00
  -3.0671074E-01   3.5432280E+00   7.0864560E+00   4.7243040E+00
  -1.3092657E-01   3.5432280E+00   7.0864560E+00   5.9053800E+00
  -2.4618726E-02   3.5432280E+00   7.0864560E+00   7.0864560E+00
  -3.1920998E-03   3.5432280E+00   7.0864560E+00   8.2675320E+00
  -1.1853610E-04   3.5432280E+00   7.0864560E+00   9.4486080E+00
   0.0000000E+00   3.5432280E+00   8.2675320E+00   0.0000000E+00
  -3.0619311E-03   3.5432280E+00   8.2675320E+00   1.1810760E+00
  -1.3208207E-02   3.5432280E+00   8.2675320E+00   2.3621520E+00
  -3.9507005E-02   3.5432280E+00   8.2675320E+00   3.5432280E+00
  -6.5730557E-02   3.5432280E+00   8.2675320E+00   4.7243040E+00
  -4.5403432E-02   3.5432280E+00   8.2675320E+00   5.9053800E+00
  -1.6356287E-02   3.5432280E+00   8.2675320E+00   7.0864560E+00
  -4.0401405E-03   3.5432280E+00   8.2675320E+00   8.2675320E+00
  -3.3395731E-04   3.5432280E+00   8.2675320E+00   9.4486080E+00
   0.0000000E+00   3.5432280E+00   9.4486080E+00   0.0000000E+00
  -5.1478172E-04   3.5432280E+00   9.4486080E+00   1.1810760E+00
  -1.8657884E-03   3.5432280E+00   9.4486080E+00   2.3621520E+00
  -4.5095158E-03   3.5432280E+00   9.4486080E+00   3.5432280E+00
  -6.4888870E-03   3.5432280E+00   9.4486080E+00   4.7243040E+00
  -4.9995602E-03   3.5432280E+00   9.4486080E+00   5.9053800E+00
  -2.2333926E-03   3.5432280E+00   9.4486080E+00   7.0864560E+00
  -6.6180854E-04   3.5432280E+00   9.4486080E+00   8.2675320E+00
  -6.0903008E-05   3.5432280E+00   9.4486080E+00   9.4486080E+00
   0.0000000E+00   4.7243040E+00   0.0000000E+00   0.0000000E+00
   0.0000000E+00   4.7243040E+00   0.0000000E+00   1.1810760E+00
   0.0000000E+00   4.7243040E+00   0.0000000E+00   2.3621520E+00
   0.0000000E+00   4.7243040E+00   0.0000000E+00   3.5432280E+00
   0.0000000E+00   4.7243040E+00   0.0000000E+00   4.7243040E+00
   0.0000000E+00   4.7243040E+00   0.0000000E+00   5.9053800E+00
   0.0000000E+00   4.7243040E+00   0.0000000E+00   7.0864560E+00
   0.0000000E+00   4.7243040E+00   0.0000000E+00   8.2675320E+00
   0.0000000E+00   4.7243040E+00   0.0000000E+00   9.4486080E+00
   0.0000000E+00   4.7243040E+00   1.1810760E+00   0.0000000E+00
  -6.8725333E-04   4.7243040E+00   1.1810760E+00   1.1810760E+00
  -7.0621944E-03   4.7243040E+00   1.1810760E+00   2.3621520E+00
  -2.6458029E-02   4.7243040E+00   1.1810760E+00   3.5432280E+00
  -4.5765835E-02   4.7243040E+00   1.1810760E+00   4.7243040E+00
  -3.0842887E-02   4.7243040E+00   1.1810760E+00   5.9053800E+00
  -9.3081057E-03   4.7243040E+00   1.1810760E+00   7.0864560E+00
  -1.1623674E-03   4.7243040E+00   1.1810760E+00   8.2675320E+00
   6.1270934E-06   4.7243040E+00   1.1810760E+00   9.4486080E+00
   0.0000000E+00   4.7243040E+00   2.3621520E+00   0.0000000E+00
   2.7203435E-03   4.7243040E+00   2.3621520E+00   1.1810760E+00
  -6.0721323E-03   4.7243040E+00   2.3621520E+00   2.3621520E+00
  -7.6538130E-02   4.7243040E+00   2.3621520E+00   3.5432280E+00
  -2.5347659E-01   4.7243040E+00   2.3621520E+00   4.7243040E+00
  -1.0315786E-01   4.7243040E+00   2.3621520E+00   5.9053800E+00
  -1.1138459E-02   4.7243040E+00   2.3621520E+00   7.0864560E+00
   2.6430296E-03   4.7243040E+00   2.3621520E+00   8.2675320E+00
   5.7307961E-04   4.7243040E+00   2.3621520E+00   9.4486080E+00
   0.0000000E+00   4.7243040E+00   3.5432280E+00   0.0000000E+00
   1.1434579E-02   4.7243040E+00   3.5432280E+00   1.1810760E+00
   1.4032244E-02   4.7243040E+00   3.5432280E+00   2.3621520E+00
  -1.2813410E-01   4.7243040E+00   3.5432280E+00   3.5432280E+00
  -1.1612410E+00   4.7243040E+00   3.5432280E+00   4.7243040E+00
  -2.1013956E-01   4.7243040E+00   3.5432280E+00   5.9053800E+00
   9.0700083E-03   4.7243040E+00   3.5432280E+00   7.0864560E+00
   1.3325009E-02   4.7243040E+00   3.5432280E+00   8.2675320E+00
   1.7465546E-03   4.7243040E+00   3.5432280E+00   9.4486080E+00
   0.0000000E+00   4.7243040E+00   4.7243040E+00   0.0000000E+00
   1.7608607E-02   4.7243040E+00   4.7243040E+00   1.1810760E+00
   3.1711782E-02   4.7243040E+00   4.7243040E+00   2.3621520E+00
  -2.3620314E-01   4.7243040E+00   4.7243040E+00   3.5432280E+00
  -2.8985714E+00   4.7243040E+00   4.7243040E+00   4.7243040E+00
  -4.3927769E-01   4.7243040E+00   4.7243040E+00   5.9053800E+00
   2.7349346E-02   4.7243040E+00   4.7243040E+00   7.0864560E+00
   2.1118017E-02   4.7243040E+00   4.7243040E+00   8.2675320E+00
   2.5143270E-03   4.7243040E+00   4.7243040E+00   9.4486080E+00
   0.0000000E+00   4.7243040E+00   5.9053800E+00   0.0000000E+00
   1.3006917E-02   4.7243040E+00   5.9053800E+00   1.1810760E+00
   1.8486191E-02   4.7243040E+00   5.9053800E+00   2.3621520E+00
  -1.3603497E-01   4.7243040E+00   5.9053800E+00   3.5432280E+00
  -1.0925099E+00   4.7243040E+00   5.9053800E+00   4.7243040E+00
  -2.2677875E-01   4.7243040E+00   5.9053800E+00   5.9053800E+00
   1.3830851E-02   4.7243040E+00   5.9053800E+00   7.0864560E+00
   1.5298387E-02   4.7243040E+00   5.9053800E+00   8.2675320E+00
   1.9454167E-03   4.7243040E+00   5.9053800E+00   9.4486080E+00
   0.0000000E+00   4.7243040E+00   7.0864560E+00   0.0000000E+00
   3.9106873E-03   4.7243040E+00   7.0864560E+00   1.1810760E+00
  -4.0976671E-03   4.7243040E+00   7.0864560E+00   2.3621520E+00
  -8.8435218E-02   4.7243040E+00   7.0864560E+00   3.5432280E+00
  -3.6428257E-01   4.7243040E+00   7.0864560E+00   4.7243040E+00
  -1.2405016E-01   4.7243040E+00   7.0864560E+00   5.9053800E+00
  -9.4929193E-03   4.7243040E+00   7.0864560E+00   7.0864560E+00
   4.0631392E-03   4.7243040E+00   7.0864560E+00   8.2675320E+00
   7.4430905E-04   4.7243040E+00   7.0864560E+00   9.4486080E+00
   0.0000000E+00   4.7243040E+00   8.2675320E+00   0.0000000E+00
  -5.0289569E-04   4.7243040E+00   8.2675320E+00   1.1810760E+00
  -7.8039380E-03   4.7243040E+00   8.2675320E+00   2.3621520E+00
  -3.2508667E-02   4.7243040E+00   8.2675320E+00   3.5432280E+00
  -5.9550977E-02   4.7243040E+00   8.2675320E+00   4.7243040E+00
  -3.8445215E-02   4.7243040E+00   8.2675320E+00   5.9053800E+00
  -1.0516327E-02   4.7243040E+00   8.2675320E+00   7.0864560E+00
  -1.0025581E-03   4.7243040E+00   8.2675320E+00   8.2675320E+00
   5.0716911E-05   4.7243040E+00   8.2675320E+00   9.4486080E+00
   0.0000000E+00   4.7243040E+00   9.4486080E+00   0.0000000E+00
  -2.1444114E-04   4.7243040E+00   9.4486080E+00   1.1810760E+00
  -1.2578433E-03   4.7243040E+00   9.4486080E+00   2.3621520E+00
  -3.6969376E-03   4.7243040E+00   9.4486080E+00   3.5432280E+00
  -5.6334580E-03   4.7243040E+00   9.4486080E+00   4.7243040E+00
  -4.1705191E-03   4.7243040E+00   9.4486080E+00   5.9053800E+00
  -1.5792294E-03   4.7243040E+00   9.4486080E+00   7.0864560E+00
  -3.0784414E-04   4.7243040E+00   9.4486080E+00   8.2675320E+00
  -1.4760449E-05   4.7243040E+00   9.4486080E+00   9.4486080E+00
   0.0000000E+00   5.9053800E+00   0.0000000E+00   0.0000000E+00
   0.0000000E+00   5.9053800E+00   0.0000000E+00   1.1810760E+00
   0.0000000E+00   5.9053800E+00   0.0000000E+00   2.3621520E+00
   0.0000000E+00   5.9053800E+00   0.0000000E+00   3.5432280E+00
   0.0000000E+00   5.9053800E+00   0.0000000E+00   4.7243040E+00
   0.0000000E+00   5.9053800E+00   0.0000000E+00   5.9053800E+00
   0.0000000E+00   5.9053800E+00   0.0000000E+00   7.0864560E+00
   0.0000000E+00   5.9053800E+00   0.0000000E+00   8.2675320E+00
   0.0000000E+00   5.9053800E+00   0.0000000E+00   9.4486080E+00
   0.0000000E+00   5.9053800E+00   1.1810760E+00   0.0000000E+00
   1.9894795E-03   5.9053800E+00   1.1810760E+00   1.1810760E+00
   1.0426396E-03   5.9053800E+00   1.1810760E+00   2.3621520E+00
  -6.2523735E-03   5.9053800E+00   1.1810760E+00   3.5432280E+00
  -1.3474127E-02   5.9053800E+00   1.1810760E+00   4.7243040E+00
  -7.9364377E-03   5.9053800E+00   1.1810760E+00   5.9053800E+00
   2.8562461E-04   5.9053800E+00   1.1810760E+00   7.0864560E+00
   2.1486393E-03   5.9053800E+00   1.1810760E+00   8.2675320E+00
   3.6934697E-04   5.9053800E+00   1.1810760E+00   9.4486080E+00
   0.0000000E+00   5.9053800E+00   2.3621520E+00   0.0000000E+00
   7.9943484E-03   5.9053800E+00   2.3621520E+00   1.1810760E+00
   1.1999705E-02   5.9053800E+00   2.3621520E+00   2.3621520E+00
  -5.5043091E-03   5.9053800E+00   2.3621520E+00   3.5432280E+00
  -3.7163928E-02   5.9053800E+00   2.3621520E+00   4.7243040E+00
  -1.1740463E-02   5.9053800E+00   2.3621520E+00   5.9053800E+00
   1.1227342E-02   5.9053800E+00   2.3621520E+00   7.0864560E+00
   9.2345701E-03   5.9053800E+00   2.3621520E+00   8.2675320E+00
   1.2730927E-03   5.9053800E+00   2.3621520E+00   9.4486080E+00
   0.0000000E+00   5.9053800E+00   3.5432280E+00   0.0000000E+00
   1.8453168E-02   5.9053800E+00   3.5432280E+00   1.1810760E+00
   3.8011301E-02   5.9053800E+00   3.5432280E+00   2.3621520E+00
  -2.6490772E-02   5.9053800E+00   3.5432280E+00   3.5432280E+00
  -3.3491064E-01   5.9053800E+00   3.5432280E+00   4.7243040E+00
  -6.7840230E-02   5.9053800E+00   3.5432280E+00   5.9053800E+00
   3.8678009E-02   5.9053800E+00   3.5432280E+00   7.0864560E+00
   2.2102161E-02   5.9053800E+00   3.5432280E+00   8.2675320E+00
   2.6756602E-03   5.9053800E+00   3.5432280E+00   9.4486080E+00
   0.0000000E+00   5.9053800E+00   4.7243040E+00   0.0000000E+00
   2.5223631E-02   5.9053800E+00   4.7243040E+00   1.1810760E+00
   5.6197539E-02   5.9053800E+00   4.7243040E+00   2.3621520E+00
  -2.1199921E-01   5.9053800E+00   4.7243040E+00   3.5432280E+00
  -4.3540558E+00   5.9053800E+00   4.7243040E+00   4.7243040E+00
  -4.6002090E-01   5.9053800E+00   4.7243040E+00   5.9053800E+00
   5.6468145E-02   5.9053800E+00   4.7243040E+00   7.0864560E+00
   3.0615127E-02   5.9053800E+00   4.7243040E+00   8.2675320E+00
   3.5266269E-03   5.9053800E+00   4.7243040E+00   9.4486080E+00
   0.0000000E+00   5.9053800E+00   5.9053800E+00   0.0000000E+00
   2.0202910E-02   5.9053800E+00   5.9053800E+00   1.1810760E+00
   4.2709627E-02   5.9053800E+00   5.9053800E+00   2.3621520E+00
  -4.7766541E-02   5.9053800E+00   5.9053800E+00   3.5432280E+00
  -5.7926177E-01   5.9053800E+00   5.9053800E+00   4.7243040E+00
  -1.1062878E-01   5.9053800E+00   5.9053800E+00   5.9053800E+00
   4.3489022E-02   5.9053800E+00   5.9053800E+00   7.0864560E+00
   2.4291229E-02   5.9053800E+00   5.9053800E+00   8.2675320E+00
   2.8989794E-03   5.9053800E+00   5.9053800E+00   9.4486080E+00
   0.0000000E+00   5.9053800E+00   7.0864560E+00   0.0000000E+00
   9.5632070E-03   5.9053800E+00   7.0864560E+00   1.1810760E+00
   1.5527877E-02   5.9053800E+00   7.0864560E+00   2.3621520E+00
  -4.5022066E-03   5.9053800E+00   7.0864560E+00   3.5432280E+00
  -4.6413122E-02   5.9053800E+00   7.0864560E+00   4.7243040E+00
  -1.2416866E-02   5.9053800E+00   7.0864560E+00   5.9053800E+00
   1.4935681E-02   5.9053800E+00   7.0864560E+00   7.0864560E+00
   1.1134717E-02   5.9053800E+00   7.0864560E+00   8.2675320E+00
   1.4929708E-03   5.9053800E+00   7.0864560E+00   9.4486080E+00
   0.0000000E+00   5.9053800E+00   8.2675320E+00   0.0000000E+00
   2.6387924E-03   5.9053800E+00   8.2675320E+00   1.1810760E+00
   1.9081295E-03   5.9053800E+00   8.2675320E+00   2.3621520E+00
  -6.8628695E-03   5.9053800E+00   8.2675320E+00   3.5432280E+00
  -1.6177237E-02   5.9053800E+00   8.2675320E+00   4.7243040E+00
  -8.9935189E-03   5.9053800E+00   8.2675320E+00   5.9053800E+00
   1.0574612E-03   5.9053800E+00   8.2675320E+00   7.0864560E+00
   2.8908399E-03   5.9053800E+00   8.2675320E+00   8.2675320E+00
   4.7530287E-04   5.9053800E+00   8.2675320E+00   9.4486080E+00
   0.0000000E+00   5.9053800E+00   9.4486080E+00   0.0000000E+00
   2.0190767E-04   5.9053800E+00   9.4486080E+00   1.1810760E+00
  -7.0496893E-05   5.9053800E+00   9.4486080E+00   2.3621520E+00
  -1.1350106E-03   5.9053800E+00   9.4486080E+00   3.5432280E+00
  -2.0178147E-03   5.9053800E+00   9.4486080E+00   4.7243040E+00
  -1.3508958E-03   5.9053800E+00   9.4486080E+00   5.9053800E+00
  -1.9921210E-04   5.9053800E+00   9.4486080E+00   7.0864560E+00
   2.0425737E-04   5.9053800E+00   9.4486080E+00   8.2675320E+00
   4.2445684E-05   5.9053800E+00   9.4486080E+00   9.4486080E+00
   0.0000000E+00   7.0864560E+00   0.0000000E+00   0.0000000E+00
   0.0000000E+00   7.0864560E+00   0.0000000E+00   1.1810760E+00
   0.0000000E+00   7.0864560E+00   0.0000000E+00   2.3621520E+00
   0.0000000E+00   7.0864560E+00   0.0000000E+00   3.5432280E+00
   0.0000000E+00   7.0864560E+00   0.0000000E+00   4.7243040E+00
   0.0000000E+00   7.0864560E+00   0.0000000E+00   5.9053800E+00
   0.0000000E+00   7.0864560E+00   0.0000000E+00   7.0864560E+00
   0.0000000E+00   7.0864560E+00   0.0000000E+00   8.2675320E+00
   0.0000000E+00   7.0864560E+00   0.0000000E+00   9.4486080E+00
   0.0000000E+00   7.0864560E+00   1.1810760E+00   0.0000000E+00
   3.0949136E-03   7.0864560E+00   1.1810760E+00   1.1810760E+00
   5.2398743E-03   7.0864560E+00   1.1810760E+00   2.3621520E+00
   5.1069630E-03   7.0864560E+00   1.1810760E+00   3.5432280E+00
   4.0682684E-03   7.0864560E+00   1.1810760E+00   4.7243040E+00
   4.8918930E-03   7.0864560E+00   1.1810760E+00   5.9053800E+00
   5.3954092E-03   7.0864560E+00   1.1810760E+00   7.0864560E+00
   3.5708861E-03   7.0864560E+00   1.1810760E+00   8.2675320E+00
   5.0219057E-04   7.0864560E+00   1.1810760E+00   9.4486080E+00
   0.0000000E+00   7.0864560E+00   2.3621520E+00   0.0000000E+00
   8.8417753E-03   7.0864560E+00   2.3621520E+00   1.1810760E+00
   1.7412629E-02   7.0864560E+00   2.3621520E+00   2.3621520E+00
   2.0427348E-02   7.0864560E+00   2.3621520E+00   3.5432280E+00
   1.7775656E-02   7.0864560E+00   2.3621520E+00   4.7243040E+00
   2.0072563E-02   7.0864560E+00   2.3621520E+00   5.9053800E+00
   1.8513148E-02   7.0864560E+00   2.3621520E+00   7.0864560E+00
   1.0405557E-02   7.0864560E+00   2.3621520E+00   8.2675320E+00
   1.3589549E-03   7.0864560E+00   2.3621520E+00   9.4486080E+00
   0.0000000E+00   7.0864560E+00   3.5432280E+00   0.0000000E+00
   1.6954837E-02   7.0864560E+00   3.5432280E+00   1.1810760E+00
   3.7876502E-02   7.0864560E+00   3.5432280E+00   2.3621520E+00
   4.5901986E-02   7.0864560E+00   3.5432280E+00   3.5432280E+00
   2.5072858E-02   7.0864560E+00   3.5432280E+00   4.7243040E+00
   4.3227160E-02   7.0864560E+00   3.5432280E+00   5.9053800E+00
   4.1166660E-02   7.0864560E+00   3.5432280E+00   7.0864560E+00
   2.0308656E-02   7.0864560E+00   3.5432280E+00   8.2675320E+00
   2.4806605E-03   7.0864560E+00   3.5432280E+00   9.4486080E+00
   0.0000000E+00   7.0864560E+00   4.7243040E+00   0.0000000E+00
   2.1793946E-02   7.0864560E+00   4.7243040E+00   1.1810760E+00
   5.1454988E-02   7.0864560E+00   4.7243040E+00   2.3621520E+00
   5.5660126E-02   7.0864560E+00   4.7243040E+00   3.5432280E+00
  -2.3203548E-02   7.0864560E+00   4.7243040E+00   4.7243040E+00
   4.5683853E-02   7.0864560E+00   4.7243040E+00   5.9053800E+00
   5.6334356E-02   7.0864560E+00   4.7243040E+00   7.0864560E+00
   2.6316801E-02   7.0864560E+00   4.7243040E+00   8.2675320E+00
   3.1173355E-03   7.0864560E+00   4.7243040E+00   9.4486080E+00
   0.0000000E+00   7.0864560E+00   5.9053800E+00   0.0000000E+00
   1.8226184E-02   7.0864560E+00   5.9053800E+00   1.1810760E+00
   4.1352906E-02   7.0864560E+00   5.9053800E+00   2.3621520E+00
   4.9298635E-02   7.0864560E+00   5.9053800E+00   3.5432280E+00
   1.9721462E-02   7.0864560E+00   5.9053800E+00   4.7243040E+00
   4.5470811E-02   7.0864560E+00   5.9053800E+00   5.9053800E+00
   4.5046368E-02   7.0864560E+00   5.9053800E+00   7.0864560E+00
   2.1880491E-02   7.0864560E+00   5.9053800E+00   8.2675320E+00
   2.6499746E-03   7.0864560E+00   5.9053800E+00   9.4486080E+00
   0.0000000E+00   7.0864560E+00   7.0864560E+00   0.0000000E+00
   1.0141706E-02   7.0864560E+00   7.0864560E+00   1.1810760E+00
   2.0470379E-02   7.0864560E+00   7.0864560E+00   2.3621520E+00
   2.4489050E-02   7.0864560E+00   7.0864560E+00   3.5432280E+00
   2.1024563E-02   7.0864560E+00   7.0864560E+00   4.7243040E+00
   2.4055726E-02   7.0864560E+00   7.0864560E+00   5.9053800E+00
   2.1866666E-02   7.0864560E+00   7.0864560E+00   7.0864560E+00
   1.1975642E-02   7.0864560E+00   7.0864560E+00   8.2675320E+00
   1.5442338E-03   7.0864560E+00   7.0864560E+00   9.4486080E+00
   0.0000000E+00   7.0864560E+00   8.2675320E+00   0.0000000E+00
   3.8382467E-03   7.0864560E+00   8.2675320E+00   1.1810760E+00
   6.6607356E-03   7.0864560E+00   8.2675320E+00   2.3621520E+00
   6.7357655E-03   7.0864560E+00   8.2675320E+00   3.5432280E+00
   5.5243948E-03   7.0864560E+00   8.2675320E+00   4.7243040E+00
   6.4955613E-03   7.0864560E+00   8.2675320E+00   5.9053800E+00
   6.8969257E-03   7.0864560E+00   8.2675320E+00   7.0864560E+00
   4.4423849E-03   7.0864560E+00   8.2675320E+00   8.2675320E+00
   6.1757033E-04   7.0864560E+00   8.2675320E+00   9.4486080E+00
   0.0000000E+00   7.0864560E+00   9.4486080E+00   0.0000000E+00
   4.0826821E-04   7.0864560E+00   9.4486080E+00   1.1810760E+00
   6.3728464E-04   7.0864560E+00   9.4486080E+00   2.3621520E+00
   5.3882612E-04   7.0864560E+00   9.4486080E+00   3.5432280E+00
   3.7089282E-04   7.0864560E+00   9.4486080E+00   4.7243040E+00
   5.0072713E-04   7.0864560E+00   9.4486080E+00   5.9053800E+00
   6.4349654E-04   7.0864560E+00   9.4486080E+00   7.0864560E+00
   4.6639902E-04   7.0864560E+00   9.4486080E+00   8.2675320E+00
   6.8031035E-05   7.0864560E+00   9.4486080E+00   9.4486080E+00
   0.0000000E+00   8.2675320E+00   0.0000000E+00   0.0000000E+00
   0.0000000E+00   8.2675320E+00   0.0000000E+00   1.1810760E+00
   0.0000000E+00   8.2675320E+00   0.0000000E+00   2.3621520E+00
   0.0000000E+00   8.2675320E+00   0.0000000E+00   3.5432280E+00
   0.0000000E+00   8.2675320E+00   0.0000000E+00   4.7243040E+00
   0.0000000E+00   8.2675320E+00   0.0000000E+00   5.9053800E+00
   0.0000000E+00   8.2675320E+00   0.0000000E+00   7.0864560E+00
   0.0000000E+00   8.2675320E+00   0.0000000E+00   8.2675320E+00
   0.0000000E+00   8.2675320E+00   0.0000000E+00   9.4486080E+00
   0.0000000E+00   8.2675320E+00   1.1810760E+00   0.0000000E+00
   2.2390064E-03   8.2675320E+00   1.1810760E+00   1.1810760E+00
   4.2298162E-03   8.2675320E+00   1.1810760E+00   2.3621520E+00
   5.4256098E-03   8.2675320E+00   1.1810760E+00   3.5432280E+00
   5.7545822E-03   8.2675320E+00   1.1810760E+00   4.7243040E+00
   5.5324021E-03   8.2675320E+00   1.1810760E+00   5.9053800E+00
   4.5019971E-03   8.2675320E+00   1.1810760E+00   7.0864560E+00
   2.6109767E-03   8.2675320E+00   1.1810760E+00   8.2675320E+00
   3.5476129E-04   8.2675320E+00   1.1810760E+00   9.4486080E+00
   0.0000000E+00   8.2675320E+00   2.3621520E+00   0.0000000E+00
   5.6290591E-03   8.2675320E+00   2.3621520E+00   1.1810760E+00
   1.1414775E-02   8.2675320E+00   2.3621520E+00   2.3621520E+00
   1.5728055E-02   8.2675320E+00   2.3621520E+00   3.5432280E+00
   1.7189890E-02   8.2675320E+00   2.3621520E+00   4.7243040E+00
   1.6178178E-02   8.2675320E+00   2.3621520E+00   5.9053800E+00
   1.2314787E-02   8.2675320E+00   2.3621520E+00   7.0864560E+00
   6.6297514E-03   8.2675320E+00   2.3621520E+00   8.2675320E+00
   8.6716271E-04   8.2675320E+00   2.3621520E+00   9.4486080E+00
   0.0000000E+00   8.2675320E+00   3.5432280E+00   0.0000000E+00
   9.7623967E-03   8.2675320E+00   3.5432280E+00   1.1810760E+00
   2.1215671E-02   8.2675320E+00   3.5432280E+00   2.3621520E+00
   3.1214996E-02   8.2675320E+00   3.5432280E+00   3.5432280E+00
   3.4826233E-02   8.2675320E+00   3.5432280E+00   4.7243040E+00
   3.2329530E-02   8.2675320E+00   3.5432280E+00   5.9053800E+00
   2.3188481E-02   8.2675320E+00   3.5432280E+00   7.0864560E+00
   1.1610478E-02   8.2675320E+00   3.5432280E+00   8.2675320E+00
   1.4629235E-03   8.2675320E+00   3.5432280E+00   9.4486080E+00
   0.0000000E+00   8.2675320E+00   4.7243040E+00   0.0000000E+00
   1.2044866E-02   8.2675320E+00   4.7243040E+00   1.1810760E+00
   2.7053887E-02   8.2675320E+00   4.7243040E+00   2.3621520E+00
   4.1033626E-02   8.2675320E+00   4.7243040E+00   3.5432280E+00
   4.6045915E-02   8.2675320E+00   4.7243040E+00   4.7243040E+00
   4.2611013E-02   8.2675320E+00   4.7243040E+00   5.9053800E+00
   2.9754769E-02   8.2675320E+00   4.7243040E+00   7.0864560E+00
   1.4391119E-02   8.2675320E+00   4.7243040E+00   8.2675320E+00
   1.7816622E-03   8.2675320E+00   4.7243040E+00   9.4486080E+00
   0.0000000E+00   8.2675320E+00   5.9053800E+00   0.0000000E+00
   1.0372501E-02   8.2675320E+00   5.9053800E+00   1.1810760E+00
   2.2747354E-02   8.2675320E+00   5.9053800E+00   2.3621520E+00
   3.3751432E-02   8.2675320E+00   5.9053800E+00   3.5432280E+00
   3.7727902E-02   8.2675320E+00   5.9053800E+00   4.7243040E+00
   3.4983525E-02   8.2675320E+00   5.9053800E+00   5.9053800E+00
   2.4905252E-02   8.2675320E+00   5.9053800E+00   7.0864560E+00
   1.2351783E-02   8.2675320E+00   5.9053800E+00   8.2675320E+00
   1.5487693E-03   8.2675320E+00   5.9053800E+00   9.4486080E+00
   0.0000000E+00   8.2675320E+00   7.0864560E+00   0.0000000E+00
   6.3267962E-03   8.2675320E+00   7.0864560E+00   1.1810760E+00
   1.2995600E-02   8.2675320E+00   7.0864560E+00   2.3621520E+00
   1.8130206E-02   8.2675320E+00   7.0864560E+00   3.5432280E+00
   1.9905350E-02   8.2675320E+00   7.0864560E+00   4.7243040E+00
   1.8675177E-02   8.2675320E+00   7.0864560E+00   5.9053800E+00
   1.4054242E-02   8.2675320E+00   7.0864560E+00   7.0864560E+00
   7.4650395E-03   8.2675320E+00   7.0864560E+00   8.2675320E+00
   9.6965117E-04   8.2675320E+00   7.0864560E+00   9.4486080E+00
   0.0000000E+00   8.2675320E+00   8.2675320E+00   0.0000000E+00
   2.7195147E-03   8.2675320E+00   8.2675320E+00   1.1810760E+00
   5.1920379E-03   8.2675320E+00   8.2675320E+00   2.3621520E+00
   6.7337867E-03   8.2675320E+00   8.2675320E+00   3.5432280E+00
   7.1778920E-03   8.2675320E+00   8.2675320E+00   4.7243040E+00
   6.8760365E-03   8.2675320E+00   8.2675320E+00   5.9053800E+00
   5.5374319E-03   8.2675320E+00   8.2675320E+00   7.0864560E+00
   3.1759744E-03   8.2675320E+00   8.2675320E+00   8.2675320E+00
   4.2911158E-04   8.2675320E+00   8.2675320E+00   9.4486080E+00
   0.0000000E+00   8.2675320E+00   9.4486080E+00   0.0000000E+00
   3.1564710E-04   8.2675320E+00   9.4486080E+00   1.1810760E+00
   5.7771491E-04   8.2675320E+00   9.4486080E+00   2.3621520E+00
   7.1614510E-04   8.2675320E+00   9.4486080E+00   3.5432280E+00
   7.4732991E-04   8.2675320E+00   9.4486080E+00   4.7243040E+00
   7.2695035E-04   8.2675320E+00   9.4486080E+00   5.9053800E+00
   6.1108091E-04   8.2675320E+00   9.4486080E+00   7.0864560E+00
   3.6647696E-04   8.2675320E+00   9.4486080E+00   8.2675320E+00
   5.0635091E-05   8.2675320E+00   9.4486080E+00   9.4486080E+00
   0.0000000E+00   9.4486080E+00   0.0000000E+00   0.0000000E+00
   0.0000000E+00   9.4486080E+00   0.0000000E+00   1.1810760E+00
   0.0000000E+00   9.4486080E+00   0.0000000E+00   2.3621520E+00
   0.0000000E+00   9.4486080E+00   0.0000000E+00   3.5432280E+00
   0.0000000E+00   9.4486080E+00   0.0000000E+00   4.7243040E+00
   0.0000000E+00   9.4486080E+00   0.0000000E+00   5.9053800E+00
   0.0000000E+00   9.4486080E+00   0.0000000E+00   7.0864560E+00
   0.0000000E+00   9.4486080E+00   0.0000000E+00   8.2675320E+00
   0.0000000E+00   9.4486080E+00   0.0000000E+00   9.4486080E+00
   0.0000000E+00   9.4486080E+00   1.1810760E+00   0.0000000E+00
   3.2630607E-04   9.4486080E+00   1.1810760E+00   1.1810760E+00
   6.2726542E-04   9.4486080E+00   1.1810760E+00   2.3621520E+00
   8.3475868E-04   9.4486080E+00   1.1810760E+00   3.5432280E+00
   9.1015571E-04   9.4486080E+00   1.1810760E+00   4.7243040E+00
   8.5703513E-04   9.4486080E+00   1.1810760E+00   5.9053800E+00
   6.7101436E-04   9.4486080E+00   1.1810760E+00   7.0864560E+00
   3.8114461E-04   9.4486080E+00   1.1810760E+00   8.2675320E+00
   5.1529824E-05   9.4486080E+00   1.1810760E+00   9.4486080E+00
   0.0000000E+00   9.4486080E+00   2.3621520E+00   0.0000000E+00
   7.8321421E-04   9.4486080E+00   2.3621520E+00   1.1810760E+00
   1.5797923E-03   9.4486080E+00   2.3621520E+00   2.3621520E+00
   2.2067262E-03   9.4486080E+00   2.3621520E+00   3.5432280E+00
   2.4588457E-03   9.4486080E+00   2.3621520E+00   4.7243040E+00
   2.2795273E-03   9.4486080E+00   2.3621520E+00   5.9053800E+00
   1.7054007E-03   9.4486080E+00   2.3621520E+00   7.0864560E+00
   9.2109772E-04   9.4486080E+00   2.3621520E+00   8.2675320E+00
   1.2131402E-04   9.4486080E+00   2.3621520E+00   9.4486080E+00
   0.0000000E+00   9.4486080E+00   3.5432280E+00   0.0000000E+00
   1.3031960E-03   9.4486080E+00   3.5432280E+00   1.1810760E+00
   2.7532925E-03   9.4486080E+00   3.5432280E+00   2.3621520E+00
   4.0268989E-03   9.4486080E+00   3.5432280E+00   3.5432280E+00
   4.5778597E-03   9.4486080E+00   3.5432280E+00   4.7243040E+00
   4.1835611E-03   9.4486080E+00   3.5432280E+00   5.9053800E+00
   2.9981674E-03   9.4486080E+00   3.5432280E+00   7.0864560E+00
   1.5427526E-03   9.4486080E+00   3.5432280E+00   8.2675320E+00
   1.9810565E-04   9.4486080E+00   3.5432280E+00   9.4486080E+00
   0.0000000E+00   9.4486080E+00   4.7243040E+00   0.0000000E+00
   1.5788639E-03   9.4486080E+00   4.7243040E+00   1.1810760E+00
   3.4078006E-03   9.4486080E+00   4.7243040E+00   2.3621520E+00
   5.0919212E-03   9.4486080E+00   4.7243040E+00   3.5432280E+00
   5.8428528E-03   9.4486080E+00   4.7243040E+00   4.7243040E+00
   5.3041039E-03   9.4486080E+00   4.7243040E+00   5.9053800E+00
   3.7258868E-03   9.4486080E+00   4.7243040E+00   7.0864560E+00
   1.8747674E-03   9.4486080E+00   4.7243040E+00   8.2675320E+00
   2.3795250E-04   9.4486080E+00   4.7243040E+00   9.4486080E+00
   0.0000000E+00   9.4486080E+00   5.9053800E+00   0.0000000E+00
   1.3775725E-03   9.4486080E+00   5.9053800E+00   1.1810760E+00
   2.9277862E-03   9.4486080E+00   5.9053800E+00   2.3621520E+00
   4.3075573E-03   9.4486080E+00   5.9053800E+00   3.5432280E+00
   4.9095577E-03   9.4486080E+00   5.9053800E+00   4.7243040E+00
   4.4784292E-03   9.4486080E+00   5.9053800E+00   5.9053800E+00
   3.1917509E-03   9.4486080E+00   5.9053800E+00   7.0864560E+00
   1.6321778E-03   9.4486080E+00   5.9053800E+00   8.2675320E+00
   2.0891010E-04   9.4486080E+00   5.9053800E+00   9.4486080E+00
   0.0000000E+00   9.4486080E+00   7.0864560E+00   0.0000000E+00
   8.7327279E-04   9.4486080E+00   7.0864560E+00   1.1810760E+00
   1.7768510E-03   9.4486080E+00   7.0864560E+00   2.3621520E+00
   2.5035442E-03   9.4486080E+00   7.0864560E+00   3.5432280E+00
   2.8001785E-03   9.4486080E+00   7.0864560E+00   4.7243040E+00
   2.5889244E-03   9.4486080E+00   7.0864560E+00   5.9053800E+00
   1.9212648E-03   9.4486080E+00   7.0864560E+00   7.0864560E+00
   1.0282836E-03   9.4486080E+00   7.0864560E+00   8.2675320E+00
   1.3478763E-04   9.4486080E+00   7.0864560E+00   9.4486080E+00
   0.0000000E+00   9.4486080E+00   8.2675320E+00   0.0000000E+00
   3.9353155E-04   9.4486080E+00   8.2675320E+00   1.1810760E+00
   7.6190138E-04   9.4486080E+00   8.2675320E+00   2.3621520E+00
   1.0213344E-03   9.4486080E+00   8.2675320E+00   3.5432280E+00
   1.1172890E-03   9.4486080E+00   8.2675320E+00   4.7243040E+00
   1.0495673E-03   9.4486080E+00   8.2675320E+00   5.9053800E+00
   8.1614532E-04   9.4486080E+00   8.2675320E+00   7.0864560E+00
   4.6012998E-04   9.4486080E+00   8.2675320E+00   8.2675320E+00
   6.1969375E-05   9.4486080E+00   8.2675320E+00   9.4486080E+00
   0.0000000E+00   9.4486080E+00   9.4486080E+00   0.0000000E+00
   4.7002951E-05   9.4486080E+00   9.4486080E+00   1.1810760E+00
   8.8472400E-05   9.4486080E+00   9.4486080E+00   2.3621520E+00
   1.1519784E-04   9.4486080E+00   9.4486080E+00   3.5432280E+00
   1.2433775E-04   9.4486080E+00   9.4486080E+00   4.7243040E+00
   1.1793838E-04   9.4486080E+00   9.4486080E+00   5.9053800E+00
   9.4262017E-05   9.4486080E+00   9.4486080E+00   7.0864560E+00
   5.4740024E-05   9.4486080E+00   9.4486080E+00   8.2675320E+00
   7.4849930E-06   9.4486080E+00   9.4486080E+00   9.4486080E+00
